Y,T
2,0.000000
2.0961099331759363,0.01
2.1864751020243585,0.02
2.2798254459219436,0.03
2.376138473004447,0.04
2.4754858623522455,0.05
2.5779398703555705,0.06
2.683574331913724,0.07
2.7924646834858446,0.08
2.904687996727974,0.09
3.020323012715273,0.10
3.1394501768631513,0.11
3.2621516745609784,0.12
3.3885114675332337,0.13
3.5186153309433186,0.14
3.6525508912553777,0.15
3.79040766486988,0.16
3.9322770975489716,0.17
4.078252604647873,0.18
4.228429612168942,0.19
4.3829055986553485,0.20
4.541780137941602,0.21
4.705154942778512,0.22
4.873133909350554,0.23
5.04582316270389,0.24
5.223331103103671,0.25
5.4057684533397365,0.26
5.593248306999934,0.27
5.7858861777309905,0.28
5.983800049507004,0.29
6.1871104279261635,0.30
6.395940392556666,0.31
6.610415650353239,0.32
6.830664590166051,0.33
7.056818338364374,0.34
7.289010815597586,0.35
7.527378794716795,0.36
7.772061959880624,0.37
8.023202966869299,0.38
8.28094750463174,0.39
8.545444358090514,0.40
8.816845472230499,0.41
9.095306017497194,0.42
9.380984456531388,0.43
9.674042612267389,0.44
9.974645737422469,0.45
10.282962585405853,0.46
10.599165482676145,0.47
10.923430402576534,0.48
11.255937040677951,0.49
11.596868891660673,0.50
11.946413327765775,0.51
12.304761678848205,0.52
12.672109314064139,0.53
13.048655725225693,0.54
13.434604611857031,0.55
13.830163967986145,0.56
14.235546170707941,0.57
14.650968070554251,0.58
15.076651083707667,0.59
15.512821286096575,0.60
15.959709509409597,0.61
16.4175514390684,0.62
16.886587714198633,0.63
17.36706402963955,0.64
17.859231240033754,0.65
18.363345466039178,0.66
18.879668202706487,0.67
19.408466430065772,0.68
19.95001272596744,0.69
20.504585381222995,0.70
21.072468517092375,0.71
21.653952205165485,0.72
22.24933258968655,0.73
22.85891201237075,0.74
23.48299913976377,0.75
24.12190909319582,0.76
24.775963581382864,0.77
25.445491035728505,0.78
26.130826748381676,0.79
26.83231301310564,0.80
27.5502992690157,0.81
28.285142247243417,0.82
29.037206120587108,0.83
29.806862656208793,0.84
30.594491371439585,0.85
31.40047969275662,0.86
32.225223117995604,0.87
33.06912538186483,0.88
33.93259862482738,0.89
34.8160635654201,0.90
35.71994967607862,0.91
36.644695362539984,0.92
37.59074814689493,0.93
38.558564854364214,0.94
39.54861180387418,0.95
40.561365002508836,0.96
41.59731034391684,0.97
42.656943810753454,0.98
43.74077168123977,0.99
44.84931073992186,1.00
45.98308849271581,1.01
47.14264338632475,1.02
48.32852503211715,1.03
49.54129443455615,1.04
50.78152422427288,1.05
52.04979889587697,1.06
53.34671505060112,1.07
54.67288164387737,1.08
56.028920237944426,1.09
57.41546525958914,1.10
58.83316426312496,1.11
60.2826781987145,1.12
61.76468168614352,1.13
63.279863294157686,1.14
64.82892582547412,1.15
66.41258660758294,1.16
68.03157778945635,1.17
69.68664664428438,1.18
71.37855587835975,1.19
73.10808394623668,1.20
74.87602537228963,1.21
76.68319107880323,1.22
78.53040872072417,1.23
80.41852302721074,1.24
82.34839615011785,1.25
84.32090801955756,1.26
86.33695670667815,1.27
88.39745879380911,1.28
90.50334975211986,1.29
92.65558432694512,1.30
94.85513693093199,1.31
97.10300204516724,1.32
99.40019462844617,1.33
101.74775053484805,1.34
104.1467269397864,1.35
106.59820277470548,1.36
109.10327917059843,1.37
111.66307991052513,1.38
114.2787518913125,1.39
116.95146559462299,1.40
119.68241556758063,1.41
122.47282091314875,1.42
125.32392579045603,1.43
128.23699992527276,1.44
131.21333913084328,1.45
134.25426583928262,1.46
137.361129643753,1.47
140.5353078516375,1.48
143.77820604893344,1.49
147.0912586760932,1.50
150.47592961554267,1.51
153.9337127911166,1.52
157.46613277964852,1.53
161.07474543496403,1.54
164.76113852452693,1.55
168.52693237899493,1.56
172.37378055494617,1.57
176.30337051104297,1.58
180.31742429790464,1.59
184.41769926196693,1.60
188.6059887636117,1.61
192.88412290985426,1.62
197.25396930188464,1.63
201.71743379776186,1.64
206.27646129056913,1.65
210.9330365023414,1.66
215.68918479408666,1.67
220.54697299222363,1.68
225.50851023177069,1.69
230.57594881662348,1.70
235.75148509726822,1.71
241.03736036628118,1.72
246.43586177197722,1.73
251.9493232505724,1.74
257.5801264772361,1.75
263.3307018364148,1.76
269.2035294118171,1.77
275.20113999645827,1.78
281.32611612316947,1.79
287.58109311598633,1.80
293.9687601628399,1.81
300.4918614099776,1.82
307.1531970785596,1.83
313.95562460387305,1.84
320.90205979762607,1.85
327.9954780337866,1.86
335.2389154584419,1.87
342.6354702241672,1.88
350.18830374939523,1.89
357.9006420032961,1.90
365.77577681668225,1.91
373.8170672194629,1.92
382.02794080518896,1.93
390.4118951232335,1.94
398.9724990991665,1.95
407.7133944838969,1.96
416.6382973321606,1.97
425.75099951095063,1.98
435.05537023849286,1.99
444.55535765438697,2.00
454.25499042154206,2.01
464.1583793605492,2.02
474.26971911714935,2.03
484.5932898634628,2.04
495.1334590336656,2.05
505.894683094809,2.06
516.8815093534913,2.07
528.0985777991085,2.08
539.5506229844244,2.09
551.2424759442106,2.10
563.179066152734,2.11
575.3654235208685,2.12
587.8066804336383,2.13
600.5080738290088,2.14
613.4749473187592,2.15
626.7127533522865,2.16
640.2270554242108,2.17
654.0235303266679,2.18
668.1079704471913,2.19
682.4862861131039,2.20
697.1645079833672,2.21
712.1487894888382,2.22
727.4454093219184,2.23
743.0607739765937,2.24
759.0014203398805,2.25
775.2740183357223,2.26
791.8853736223936,2.27
808.8424303444941,2.28
826.1522739406383,2.29
843.8221340079625,2.30
861.8593872246062,2.31
880.2715603313288,2.32
899.0663331734696,2.33
918.2515418044588,2.34
937.8351816521342,2.35
957.825410749129,2.36
978.2305530286234,2.37
999.0591016867879,2.38
1020.3197226132623,2.39
1042.0212578910462,2.40
1064.1727293672047,2.41
1086.7833422958236,2.42
1109.8624890546703,2.43
1133.419752937053,2.44
1157.4649120204015,2.45
1182.007943113109,2.46
1207.0590257812376,2.47
1232.6285464566797,2.48
1258.727102628437,2.49
1285.3655071186906,2.50
1312.5547924453822,2.51
1340.306215273046,2.52
1368.6312609536844,2.53
1397.5416481595048,2.54
1427.049333609371,2.55
1457.1665168908698,2.56
1487.9056453799203,2.57
1519.279419259901,2.58
1551.300796642304,2.59
1583.9829987909725,2.60
1617.339515452011,2.61
1651.3841102915067,2.62
1686.1308264432407,2.63
1721.5939921686152,2.64
1757.788226631058,2.65
1794.7284457872292,2.66
1832.4298683973775,2.67
1870.9080221572656,2.68
1910.1787499541235,2.69
1950.2582162491192,2.70
1991.1629135889295,2.71
2032.9096692489961,2.72
2075.5156520111523,2.73
2118.9983790783112,2.74
2163.3757231290083,2.75
2208.665919514611,2.76
2254.887573602086,2.77
2302.059668265264,2.78
2350.201571527596,2.79
2399.3330443594896,2.80
2449.4742486333025,2.81
2500.6457552392353,2.82
2552.8685523653303,2.83
2606.1640539449218,2.84
2660.5541082749005,2.85
2716.061006808268,2.86
2772.7074931244865,2.87
2830.5167720812183,2.88
2889.512519151134,2.89
2949.718889947512,2.90
3011.160529942464,2.91
3073.862584381661,2.92
3137.850708399548,2.93
3203.1510773390833,2.94
3269.7903972801532,2.95
3337.7959157808696,2.96
3407.1954328360366,2.97
3478.017312057231,2.98
3550.290492078889,2.99
3624.04449819506,3.00
3699.3094542314134,3.01
